%YAML:1.0

Camera.fps: 100

Camera.width: 752
Camera.height: 480

Camera.fx: 6.9584553306520638e+02
Camera.fy: 6.9543447544247033e+02
Camera.cx: 3.6984354870575817e+02
Camera.cy: 2.4263203134434053e+02
Camera.k1: -9.6344418637934859e-02
Camera.k2: 7.9790353322119853e-02
Camera.k3: 3.0075174296799956e-02
